runs: 20
n_samples: 10000
n_features: 10
n_clusters: 50

avg_cython:0.03504166603088379
avg_bool:0.7930095911026

runs: 20
n_samples: 10000
n_features: 10
n_clusters: 5

avg_cython:0.035106337070465087
avg_bool:0.664833378791809

runs: 20
n_samples: 10000
n_features: 10
n_clusters: 10

avg_cython:0.03466484546661377
avg_bool:0.7222174167633056

runs: 20
n_samples: 10000
n_features: 10
n_clusters: 100

avg_cython:0.03547748327255249
avg_bool:0.8071357369422912

